0,463
0,462
53,3
53,2
53,1
53,0
0,461
0,460
0,459
55,3
55,2
0,458
55,1
55,0
0,457
0,456
0,455
0,454
0,453
0,452
0,451
0,450
0,449
0,448
0,447
0,446
0,445
0,444
0,443
0,442
0,441
0,440
51,35
0,439
0,438
0,437
0,436
0,435
0,434
0,433
54,3
54,2
0,432
54,1
54,0
0,431
0,430
0,429
0,428
0,427
0,426
0,425
0,424
0,423
0,422
0,421
0,420
0,419
0,418
0,417
0,416
0,415
0,414
0,413
0,412
0,411
0,410
0,409
0,408
0,407
0,406
0,405
0,404
0,403
0,402
0,401
0,400
0,399
0,398
0,397
52,3
52,2
52,1
52,0
0,396
0,395
0,394
0,393
0,392
0,391
0,390
0,389
0,388
0,387
0,386
0,385
0,384
